-1.11300054212283
-3.89037264341414
-6.42265109301278
5.54247696299185
5.19097954243601
3.61614458207894
3.22075444750798
5.03975515834275
-2.93373227198478
-4.65609516661774
4.00098666265614
0.3286007223535
-4.7148224777565
-5.08485741939061
-2.69311602100159
6.31014844772091
1.87823892514134
8.31735807325531
7.33652384167745
-0.864104434404049
4.5173741358876
3.00112480672357
1.69888274760007
-3.80847883887712
3.34415763586761
4.77208609295961
3.36228084165551
2.5606227366313
-5.12517165636809
-5.30965122295142
0.132979536534446
0.388340302300521
3.68954131188386
-1.59805966633105
-3.06493493618354
2.40899591930723
5.02348746886426
2.95750457081268
-6.70711729508938
2.29334571610256
-3.18643363887777
7.44053555564817
-4.84082702418757
2.5664249291557
-0.929976918811245
-10.7134245629273
2.05390113359458
5.25252950502502
-4.45188624085314
4.72090143212624
-0.581413818895632
6.31854510663391
5.64946183231375
-4.83110934014773
-0.394207932342861
2.56403480995651
12.7564177487487
3.53945072389558
4.25212109484402
4.88191104927698
7.0803550652619
0.568740566562048
-1.79005475403677
-8.26035725937953
-10.1391222192045
6.51337538623033
5.15705737840605
4.37507174298177
-3.60465818820911
-8.30866509494164
-5.76407674883255
-5.31282118599425
-7.80777249507147
1.59956980649506
1.21274889094622
2.5787132288806
3.06119014302719
0.08271244883736
9.46944284943155
0.392331629211743
4.12700325719885
4.95157663544045
10.8814610632151
-3.08173407275331
1.99171967341088
4.34855758332682
-1.31913645770519
-3.42950029869104
-11.474742525094
3.91173727505106
-3.08947200707883
-0.90355751808737
9.04034831447597
-9.07674006178167
-7.21179871661394
0.794974472915207
-3.68641082461046
-1.50101860035286
0.517643829225178
-1.66577227591776
-8.50422436102614
4.54386694585419
-10.071760623286
-2.74469013925994
-0.0399834450783863
-1.44577642185617
6.4049830268829
2.30778188344355
-1.3036929474894
5.36653605174817
-2.19518475091306
-3.5707254458387
2.74774267722036
8.80370482205783
-2.00540691521691
-0.660188173290034
-8.1569427127133
0.0593552637213491
1.03713970954015
-1.62493180521335
-3.80990257794585
-1.11016045833685
-5.73005671757468
-0.094580224717556
-8.08700177809687
-2.3687219127026
-0.237121849404349
-0.331767217039983
-8.96457212284715
8.96666123249944
6.41786238523824
5.42120008058433
-0.539972323228252
-9.74886865553716
1.56356363779276
-0.559415236000352
2.25849381044575
-4.74689827488764
7.9628638996726
0.627720963587963
-0.157625798819587
-3.61219945161724
6.9355116655028
1.7078339782004
0.429988109477357
-3.0304918776478
2.07035806364243
-11.7992173541288
-7.31912421583154
-2.07848968649865
-7.43563376245672
-1.80197868222571
5.49487915753055
3.65375889952395
-2.24819222704635
-4.51134739245142
-0.291829385189568
-1.43219374505599
2.80261391375346
2.10385860244745
2.52904627206267
-0.91519698950752
-2.40913883882815
5.11990637972287
8.96354521949247
4.09930413053621
3.62315417800976
2.24974672564909
2.66393142430554
3.21344783995435
5.50478623457738
-2.05214014658067
1.10641337667894
6.93597876212319
-9.0839994673914
9.81725879265319
2.4704667401054
3.3419357264042
5.78377428399002
-15.4641548235933
-1.16876430804669
1.50257065119282
-3.22230682130419
-9.55738654771193
8.38818124876017
3.23057706432033
-2.05949396611301
-1.54719394993132
5.8031783680206
3.64807116087212
7.91173136421118
1.24913158622013
0.144623260736884
-2.22867482605549
4.68494923933463
1.06603206882311
-6.44286351794276
-4.51271911263093
-3.31029071331715
-8.81098830326278
-3.64781851732039
3.35563248880064
-6.76755286091477
7.52418781980054
-5.87066867535645
-3.77761873396418
7.41940134926511
6.14973698315869
0.620753289925226
-3.51445542235394
8.46199194131697
3.75095670585901
-4.86798623863715
-5.03054967006603
-0.318863856548904
-3.87860168611736
0.265170708638313
-9.06695921610246
7.5289567370945
-5.05041867580576
2.51289625841776
-1.11044880025705
-1.42775422201657
-4.15048453002938
-3.5888292148043
-5.58817179967601
-6.75466920211888
-1.48863486777217
-1.13237705713997
-5.22846526146221
-1.70647756477328
3.33431880129515
-0.525867539942085
2.0888324273208
-0.182146704707283
5.59402721984609
-1.23616555244097
4.7100549466408
6.16091444805882
-1.66293122035359
-3.85960269822218
-2.22810988058887
-5.44116977923406
0.186614509778369
7.54364854772626
-1.96131168463451
-0.85022096307575
7.6580631581287
11.0415582154819
-4.92171753350445
-0.248376081419435
-1.59385405770234
-4.76881123583063
4.45110416296304
-6.26458965382259
-2.13297320896798
-2.21708410603208
8.22306631892549
-0.177893561602928
4.88845153999177
-9.30137555808017
2.8149012955309
-0.456373195303551
-5.77034657737347
-6.13324267369539
2.67965169874679
-3.1306189423533
-0.680854715681858
-11.5739377568434
-0.403575030166857
8.44181747804578
1.20062122733033
-5.59656584509259
0.720056273582048
4.52754173180063
3.12877367482343
-4.89076951895562
-5.12598311462298
-4.24937321965098
-4.33957962259576
3.58485831060952
4.02582146686531
1.05685889843992
4.51922945703535
-1.852396707733
-3.55877681667169
3.47248904557216
6.46467544442476
1.71029678703887
-1.0511290923429
6.10492695567685
2.48196238861721
2.17648196873049
-3.04424522268442
-3.04466138765257
7.61044159492663
-4.13824802804876
-2.77528243935877
5.77678964627277
7.42459175670034
4.72837884132413
2.82986967281944
-1.26225948894428
0.0680676792879326
-4.41377794516694
-6.39076195466432
4.37552459269262
-3.07139596395279
-2.35353270431941
-3.15058444222362
7.52799440700879
-1.85117403884805
-1.12020571994866
-6.28552127500273
7.78475471687196
-5.92891662095879
-3.7628335322543
-0.165916662248024
-4.10601201989052
3.28981551764525
5.44271270902244
-3.66333485493852
6.36198831216391
1.23940713067269
3.20969612500478
-3.38580852326156
4.31190242511835
3.1869580940569
5.90319589979591
-1.3370465997471
5.85292151862537
0.305002008585556
5.68452841318667
3.97287637524747
-2.97138663720194
-2.57044695896763
-1.67687127577699
8.12059868740579
-4.38563572027481
-0.310296801181255
-2.8726442868503
-5.12153054240636
0.765072750817542
-6.24734580709252
-2.86540966270149
-0.238407561552445
2.86060381031094
5.07919144865528
0.265420623547301
-1.23073927933631
-5.10777599548198
1.54713894970238
-4.60054040946111
-2.38576200819481
-5.94157670271379
4.17847397583333
1.88777125211528
1.4305612477003
3.97523065910806
0.0337413924786247
1.64122163486626
-0.172436740560423
1.41968810940609
-1.17852378185323
-1.86971343059132
-0.645752955662459
-1.40077861132167
2.81195741980823
-0.106849079699734
5.42802610017615
2.65429816254897
-6.81724973306637
-8.91615571977813
-0.511922349626884
-0.0956559214495789
1.48095508815884
-7.87430137765595
-7.19390746258688
6.14489846715102
1.05544389307106
-0.147068811925708
-10.7229951511041
-3.56306080209084
5.32565001148043
4.54254024736964
3.61438553948658
-1.30933806623992
0.053027051598641
-2.27508453597724
-1.1125754339256
-0.0704785867141193
-0.0984393555541285
0.108465903846783
-6.07476575669299
-1.94517970055083
2.41284666484791
-4.14545275314577
2.94770294637793
-0.358593135907549
1.05469210016507
-1.27575061151667
8.90045085253648
2.88625941349844
-2.34191801597565
-4.06833560663554
-6.18364043715468
-0.359306263501943
-2.07839156992449
7.34355779338777
-3.33654634421608
-0.883821732567416
1.9476892261204
7.80916388512067
-5.18373565662553
10.5981741323116
-1.80616835588789
3.26587109553675
-10.3318518419585
-3.13794155909903
-3.06404098542732
-1.17152456012194
0.204469913190625
0.456028735247591
1.20269029473078
-1.6205653580572
12.5552551787739
-5.18652480182618
3.56112472526569
-0.535089797688482
-0.786835621053621
0.140747165330546
4.89580770323283
-3.16234807811848
3.35111362138148
-1.70782777416876
3.14746696175398
9.55988932436103
0.260908831743359
2.98944844033934
3.24182089929775
-7.56493448079383
2.53335012029738
-4.91799863677837
8.79028316269876
-1.72647763624097
-6.88186717613478
2.12294127472525
-15.4370956031033
0.424785286724712
-0.561527010937769
-5.07022171708166
-7.85899607616386
4.81005272095979
1.36774860247264
5.86089593381779
1.70044885261501
2.13429328218421
7.78409195395185
-4.2047384482762
7.97683528114299
-2.15325140679408
0.24265348975948
5.48948038492723
-1.23875130753785
-3.42906878399956
0.23455409390073
-6.32217969641508
0.619519123545023
-3.08904148245133
-3.45472828584702
-2.00305178910387
2.64936086007177
2.91554997354719
-0.328955883181836
8.79137075155749
-1.11303987560517
-0.133692273329608
0.354902125677624
-1.38671324490253
1.62217659483393
-1.32619042676284
3.89887929585181
-6.38624988579734
2.05680522352713
-1.40293393478202
2.84479657693084
0.818907216950502
2.15658075685411
2.26817022726323
5.61923695606899
9.89544065509021
3.25227602651947
-3.90776012540082
-3.21414563168002
0.870507325158451
6.03167332671096
-0.0860863793918868
-6.42733675424398
7.99709015519378
0.447694921140608
-0.0737610957198959
8.98312321294161
0.0799918569792601
2.07829437500913
5.32629885474921
-6.08936391434705
1.76837305020468
2.57267914698594
0.932102303387859
-3.78759431828164
-6.09459665199344
5.71643071335943
1.05470536087238
2.78383850533575
-1.83741696781744
10.81971854775
9.25590963190986
-7.91678200618455
9.62696922520378
2.33292567988852
0.356813632635218
-4.04375885427973
-3.77298723168552
7.33133067794013
1.92989650358102
2.61450923125731
-0.799038567539768
-2.09617778029133
-2.67840709747349
-4.89069824057337
5.52913017795246
0.00446159651150034
-5.81453468660034
4.13348573918654
0.662382221491888
0.115074160642896
-2.42509323668507
12.7344206201781
5.58818109332508
4.00070085058553
-2.80298886015967
2.09908946511524
-0.790409822483765
-2.91243468490452
-0.228534746810713
-10.7202037926241
-7.19882333543602
2.29428259947183
-7.57425447498847
-3.36013729277862
8.8144668732314
2.71563793870435
-3.95319135033982
10.8196751622291
-5.64336131532985
-2.73174580984794
6.4662716174131
2.81682389249322
6.52991415728306
-3.12195811678521
5.58791621187608
-6.58968235894369
-1.64223640125476
6.3903214867741
-0.870788935128472
-8.76988700107436
-0.22044392136424
-0.255757417227781
6.01804061195532
5.294598325695
-1.91810540658914
-1.81164229054796
-12.3600851908945
2.41982622702299
0.128475573229243
-4.33340906530076
-11.9647697357053
0.332253122232152
-4.1611848790754
1.50338720701223
-2.34280466135014
13.3314917111602
-5.01289601168263
-5.5116488890286
2.97140155394055
5.51240563017417
3.54231164404379
1.87765520472313
0.555827568415909
-4.2834268245541
-1.24494448712651
-0.319493850667379
-2.50839347778431
-0.668843092557301
0.858098925886547
-0.102681368764415
-5.14109495009524
-2.52580400030974
-5.65360374173365
0.0984964354743238
12.8395007766794
2.54218489070522
0.905630180159564
3.05264191657597
-3.41300931878628
-10.5966292263009
-3.88281004273577
-6.69745864519573
4.26569168532974
2.47783322467227
-0.837114620717399
2.74260700178846
-0.668058468962486
6.91599747640898
9.10687145937614
2.18371522582193
-10.7952346486328
-3.00797505707076
-2.08729725835094
-4.32432337196085
3.00120367493552
-4.56216169804211
-5.68700610063383
1.62128956565628
2.28634090907671
0.870407862631128
-0.532772088910506
-2.1262134374242
-3.86751240631646
0.923823217705827
2.24032241991071
-2.05845585292301
3.46730626994096
9.01405350837955
-1.84427458675703
0.347568310459598
5.87788618012877
6.43250788042242
2.18036456948886
2.48726673757473
0.316611068161375
7.20150789477152
6.1025907145308
-2.08671008682754
-2.67594700046268
-1.64306482493319
2.72597189944528
3.72029218769016
1.23400944320328
-10.9496020227816
4.3930604392751
10.8492362595331
-2.22701026704017
-8.15191841836524
-3.81754431183535
1.87907000488935
-2.53703138970415
-0.260331604046812
3.11231739503102
-4.59111085599339
0.202829041112337
2.716519123581
1.13777979789377
-3.98679336489147
4.65834832703048
4.39088101495453
0.438116210597287
3.89426144539365
-0.528680367872685
-1.69744865647835
-4.73456815054046
-4.54690721235985
4.38277694563893
2.38999766050159
-1.77821283078633
1.11025198541746
6.17119862028491
-2.2895936498105
4.59861069581
-3.36453885323899
1.84862959623377
7.12138528348923
3.21326373731784
-3.12001107694302
-0.0531630595275422
-1.0215005280784
4.18995958377666
-4.00280753963623
-6.28709279782969
0.791303811210055
-0.0290460361549754
0.588883762455269
2.7694866045812
3.4165986795402
1.64384603518531
6.89600757707091
-0.863843108499551
-2.95411112173064
-9.07960559030088
1.08880750721894
-0.755682490769013
5.60455031630546
2.02326598189122
-2.4967476160064
-2.59669523855102
-2.3576733985681
-0.234640872291448
-3.58599963546818
3.59827432307727
-1.41362765238153
3.67663970676214
5.44798399240644
-5.51357003772313
-2.57652165690528
2.91026463267645
0.692669241869319
1.52846551669576
-7.69020225044078
-2.08043954744963
-5.36074355438552
2.57712272655227
0.449043754017764
-1.77288286073718
-2.91694827827018
12.8355432976366
2.29660824236225
0.517206548176263
8.39224941642297
3.82491958389229
7.55680996789461
-8.25943292217702
3.73035103605641
1.97173127610894
-1.73161592228996
7.62396509972926
-7.29833903080065
-0.589643056099287
-4.10383454881596
5.94784438531271
1.78796733587764
-0.314643939895338
1.52394782481963
-5.57659032009476
-2.18796398943837
-0.0862641393515606
6.63803836431489
-0.885629104419793
5.46251246109479
6.01483503405386
7.25696983772184
3.55362084180566
6.31852876036394
4.69093499766705
10.3307222540775
-0.605697113865462
-2.31087085513654
6.01083971813029
-5.57187967905158
-4.8745915505399
-0.383467062582145
-0.755719905351582
-4.15397641121548
4.07004339999642
-0.0862600184021106
0.914834072964927
1.32807008784236
3.69825249246311
12.4246238765687
1.71508497103346
4.99134832405147
1.9844898344653
-3.52970583586894
6.26421776962145
-1.637344136544
7.14388669924803
-2.30138439578045
4.60097856898543
-0.345493108665354
-2.28508576420928
-3.56489419565117
-0.590111315086707
-7.33136393567597
6.46012998678627
0.798003079403234
-4.05933542154019
6.36170361386063
0.86309473405549
2.75161416352666
-3.46261801409241
2.70793503075097
5.26393465549175
13.4653954809774
-3.99652580293127
-2.95107613666967
17.005063242925
-6.69704437150124
2.49456604964887
-6.19729695720804
-3.53785855611546
8.21619584771334
0.275295863624554
5.14960156417426
9.70808418721979
8.04647832637239
-4.62223720286342
-3.67913990196853
1.18709294356929
4.86420127781863
-3.60257137882089
-1.48212368345817
-4.4064072985429
-2.35255755420062
-2.22591578243178
-4.08826882291751
-0.355198750663074
-5.82647045176319
-1.60041643848059
-2.12601456742846
2.08863226939715
1.94790382271088
1.03480879160722
1.42052327357736
-7.33362526636518
9.03442299321623
-8.02731248080686
1.50869022775457
6.45567267868898
-4.8934334070765
3.69378842015167
-2.88601762951243
-1.1304060390311
-0.470106233046901
-4.20258472320527
-1.48940648442004
-4.0446288809777
10.4787389128871
-0.641603715978305
-1.68042204293227
-0.944465221715859
1.14280043815233
-0.181658872666425
-7.54626224548171
4.59929652915348
4.1769610340869
5.26502221438399
6.75323497372273
-0.57906869413088
-1.80275396032697
4.13992102881527
8.96220872545637
2.03242291659117
0.213513512494264
-0.501562333486386
-4.4740138329473
5.38517458885983
-4.517390685883
3.24494800245768
-4.45392385307103
-12.2221177811187
3.02092194701953
4.31166902958477
-4.61354582108979
-0.0543863421011094
5.29109670742643
1.62255673636836
5.69174587122791
17.5032748889755
1.62143778692877
-3.98731850502964
7.35370314744886
3.98713751868692
-5.01606794401405
-2.24574150769605
-1.30264141209287
-0.363744608615598
-0.250541224415135
4.63407136676724
2.73565172211543
-6.04111520235813
-2.93421139091512
-6.24433286940785
-3.32819036126641
0.816690291364622
2.702626622456
0.818749495405448
4.97886981742465
-6.15631968595406
-6.87616908187756
3.9447289836157
-2.63998841120077
0.528233892236639
2.224933000283
8.05543004751783
-3.49715116999398
-2.27398674393219
-3.12045089806504
-6.64696065072111
5.25623446242156
3.25876542790659
-1.03711531359204
1.55958837224176
2.83152819780501
-4.83347034822173
6.46814837973566
3.32978551273813
3.59490891840362
5.10705503505625
3.74343488795527
-6.7889734984227
-1.49197971259696
-3.39508426664453
2.89981621525994
2.53023412586515
6.89337874190555
-0.308436864326194
-5.15305101567685
-7.04224636100149
-6.88089806114045
3.32279393476151
-5.16411693616921
-0.665119582600561
3.91218447923611
-4.79273979181515
4.9415984112139
4.4563190446133
0.0683554859746515
1.03235089624937
7.45238991335602
-8.94437251247921
2.40095462050753
3.43956896408834
4.17200375813795
4.16153387866134
-1.81733628339772
-5.97653975579371
4.2012237575607
11.5680136773583
-7.82036054581635
3.73314731392636
7.58855438284184
-1.5560689227853
0.527052816064464
-0.552011437734965
-5.9138898287728
6.69302122428185
1.45131576953359
3.49710499629578
-6.640883559321
0.247358341546555
-1.13519088832569
4.11088703392846
4.46551356248825
4.00640594811429
-0.831030998447308
2.42391130134339
2.56431317148435
3.07449164834041
1.89989425936318
-1.20367855279694
1.9727095284662
-5.8201570209789
3.8819611921928
-0.352061819584592
1.73941143656424
-2.1096542115834
0.0617624369858671
4.49495620881255
-6.04714514064287
-6.27442973844976
15.5370245620331
5.12648016113997
4.87234157800931
6.17985987199881
-1.99280992029909
2.43503049045379
-3.1722782488958
-6.53639453651087
3.58436058544131
6.65195149406
-5.60586268188378
-6.55962563652756
-1.87458110107307
-4.25344702527242
5.25012384016993
-3.74162259350721
-3.56165192574874
-0.283458715970156
11.8758908313109
-4.04117789218004
2.78896042531883
1.08353803254931
-3.7039193501416
5.46584253465424
-6.78592846451578
5.57182350744621
-2.93995745719676
5.54532079361064
0.531543444190046
6.32262615924239
4.36402047597136
